[app/ui]
version = 9.0.5
modtime = 1694475168.737254000

[app/launcher]
version = 9.0.5
modtime = 1694475168.753973000
